0  =
1  = 2814 7497671
2  = 5629 4995342
3  = 8444 2493013
4  = 1125 8999068
5  = 1717 9878455
6  =
7  =
8  = 8444 2922510
9  = 1125 9042018
10 =
11 = 2814 8356665
12 = 5629 5854336
13 =
14 =
15 =
16 = 2814 8786161
17 = 5629 6283833
18 =
19 =
20 =
21 = 2814 9215658
22 = 5629 6713329
23 =
24 =
25 =
26 =
27 =
28 =
29 =
30 =


28147497671 1 1101000110110111 1110100100010000000
429497
28147927168 5 1101000110110111 0001011101011000111
429497
28148356665 11
429496
28148786161 16
429497
28149215658 21



56294995342 2
429496
56295424838 7
429498
56295854336 12
